0 0 0 -0 0
0.01 0 0 -0 0
0.02 0 0 -0 0
0.03 0 0 -0 0
0.04 0 0 -0 0
0.05 0 0 -0 0
0.06 0 0 -0 0
0.07 0 0 -0 0
0.08 0 0 -0 0
0.09 0 0 -0 0
0.1 0 0 -0 0
0.11 0 0 -0 0
0.12 0 0 -0 0
0.13 0 0 -0 0
0.14 0 0 -0 0
0.15 0 0 -0 0
0.16 0 0 -0 0
0.17 0 0 -0 0
0.18 0 0 -0 0
0.19 0 0 -0 0
0.2 0 0 -0 0
0.21 0 0 -0 0
0.22 0 0 -0 0
0.23 0 0 -0 0
0.24 0 0 -0 0
0.25 0 0 -0 0
0.26 0 0 -0 0
0.27 0 0 -0 0
0.28 0 0 -0 0
0.29 0 0 -0 0
0.3 0 0 -0 0
0.31 0 0 -0 0
0.32 0 0 -0 0
0.33 0 0 -0 0
0.34 0 0 -0 0
0.35 0 0 -0 0
0.36 0 0 -0 0
0.37 0 0 -0 0
0.38 0 0 -0 0
0.39 0 0 -0 0
0.4 0 0 -0 0
0.41 0 0 -0 0
0.42 0 0 -0 0
0.43 0 0 -0 0
0.44 0 0 -0 0
0.45 0 0 -0 0
0.46 0 0 -0 0
0.47 0 0 -0 0
0.48 0 0 -0 0
0.49 0 0 -0 0
0.5 0 0 -0 0
0.51 0 0 -0 0
0.52 0 0 -0 0
0.53 0 0 -0 0
0.54 0 0 -0 0
0.55 0 0 -0 0
0.56 0 0 -0 0
0.57 0 0 -0 0
0.58 0 0 -0 0
0.59 0 0 -0 0
0.6 0 0 -0 0
0.61 0 0 -0 0
0.62 0 0 -0 0
0.63 0 0 -0 0
0.64 0 0 -0 0
0.65 0 0 -0 0
0.66 0 0 -0 0
0.67 0 0 -0 0
0.68 0 0 -0 0
0.69 0 0 -0 0
0.7 0 0 -0 0
0.71 0 0 -0 0
0.72 0 0 -0 0
0.73 0 0 -0 0
0.74 0 0 -0 0
0.75 0 0 -0 0
0.76 0 0 -0 0
0.77 0 0 -0 0
0.78 0 0 -0 0
0.79 0 0 -0 0
0.8 0 0 -0 0
0.81 0 0 -0 0
0.82 0 0 -0 0
0.83 0 0 -0 0
0.84 0 0 -0 0
0.85 0 0 -0 0
0.86 0 0 -0 0
0.87 0 0 -0 0
0.88 0 0 -0 0
0.89 0 0 -0 0
0.9 0 0 -0 0
0.91 0 0 -0 0
0.92 0 0 -0 0
0.93 0 0 -0 0
0.94 0 0 -0 0
0.95 0 0 -0 0
0.96 0 0 -0 0
0.97 0 0 -0 0
0.98 0 0 -0 0
0.99 0 0 -0 0
1 0.000126313 0.00296836 -2.15056 1
1.01 0.000384258 0.0114391 -4.23849 1
1.02 0.000597294 0.0247935 -6.2625 1
1.03 0.000595451 0.0424548 -8.22168 1
1.04 0.00021527 0.0638854 -10.1153 1
1.05 -0.00070025 0.0885854 -11.9429 1
1.06 -0.00230173 0.11609 -13.7042 1
1.07 -0.00473348 0.145967 -15.3988 1
1.08 -0.00813358 0.177818 -17.027 1
1.09 -0.012634 0.211271 -18.5887 1
1.1 -0.0183606 0.245984 -20.0842 1
1.11 -0.0255598 0.278674 -19.3633 0
1.12 -0.0343509 0.306514 -18.6398 0
1.13 -0.0446658 0.329856 -17.9154 0
1.14 -0.0564373 0.349031 -17.1918 0
1.15 -0.0695993 0.364352 -16.4704 0
1.16 -0.0840866 0.376113 -15.7525 0
1.17 -0.0998353 0.384593 -15.0395 0
1.18 -0.116782 0.390053 -14.3324 0
1.19 -0.134866 0.392739 -13.6323 0
1.2 -0.154026 0.392884 -12.9401 0
1.21 -0.174204 0.390706 -12.2566 0
1.22 -0.19534 0.38641 -11.5827 0
1.23 -0.217379 0.380188 -10.9191 0
1.24 -0.240266 0.372222 -10.2663 0
1.25 -0.263946 0.362682 -9.62494 0
1.26 -0.288366 0.351726 -8.99552 0
1.27 -0.313476 0.339504 -8.37848 0
1.28 -0.339225 0.326155 -7.77419 0
1.29 -0.365565 0.311811 -7.18299 0
1.3 -0.392448 0.296593 -6.60516 0
1.31 -0.419829 0.280616 -6.04094 0
1.32 -0.447663 0.263985 -5.49053 0
1.33 -0.475906 0.2468 -4.95407 0
1.34 -0.504517 0.229154 -4.4317 0
1.35 -0.533455 0.211131 -3.92349 0
1.36 -0.562681 0.192813 -3.4295 0
1.37 -0.592156 0.174272 -2.94976 0
1.38 -0.621844 0.155577 -2.48425 0
1.39 -0.651709 0.136792 -2.03296 0
1.4 -0.681717 0.117975 -1.59583 0
1.41 -0.711835 0.0991804 -1.17278 0
1.42 -0.742031 0.0804567 -0.763723 0
1.43 -0.772274 0.0618499 -0.368549 0
1.44 -0.802534 0.0434015 0.0128736 0
1.45 -0.832784 0.0251495 0.380687 0
1.46 -0.862995 0.00712847 0.735048 0
1.47 -0.893142 -0.0106302 1.07613 0
1.48 -0.9232 -0.0280981 1.4041 0
1.49 -0.953144 -0.0452498 1.71917 0
1.5 -0.982952 -0.0620623 2.02153 0
1.51 -1.0126 -0.0785153 2.31139 0
1.52 -1.04207 -0.0945907 2.58897 0
1.53 -1.07134 -0.110273 2.85448 0
1.54 -1.10039 -0.125547 3.10816 0
1.55 -1.1292 -0.140403 3.35024 0
1.56 -1.15776 -0.154829 3.58095 0
1.57 -1.18605 -0.168817 3.80053 0
1.58 -1.21405 -0.18236 4.00924 0
1.59 -1.24175 -0.195454 4.20731 0
1.6 -1.26914 -0.208093 4.39498 0
1.61 -1.29619 -0.220274 4.57251 0
1.62 -1.32291 -0.231997 4.74014 0
1.63 -1.34927 -0.24326 4.89813 0
1.64 -1.37527 -0.254064 5.04671 0
1.65 -1.4009 -0.26441 5.18614 0
1.66 -1.42614 -0.2743 5.31666 0
1.67 -1.45099 -0.283737 5.43852 0
1.68 -1.47544 -0.292725 5.55195 0
1.69 -1.49948 -0.301267 5.65721 0
1.7 -1.5231 -0.30937 5.75453 0
1.71 -1.54631 -0.317037 5.84414 0
1.72 -1.56908 -0.324275 5.92628 0
1.73 -1.59143 -0.331091 6.00118 0
1.74 -1.61333 -0.337491 6.06908 0
1.75 -1.6348 -0.343481 6.13018 0
1.76 -1.65581 -0.34907 6.18472 0
1.77 -1.67638 -0.354265 6.23292 0
1.78 -1.6965 -0.359074 6.27498 0
1.79 -1.71616 -0.363506 6.31112 0
1.8 -1.73536 -0.367567 6.34156 0
1.81 -1.7541 -0.371268 6.36648 0
1.82 -1.77239 -0.374616 6.38609 0
1.83 -1.79021 -0.377621 6.40059 0
1.84 -1.80757 -0.38029 6.41017 0
1.85 -1.82447 -0.382633 6.41502 0
1.86 -1.84091 -0.384659 6.41532 0
1.87 -1.85689 -0.386377 6.41126 0
1.88 -1.8724 -0.387795 6.403 0
1.89 -1.88746 -0.388922 6.39072 0
1.9 -1.90206 -0.389768 6.37459 0
1.91 -1.9162 -0.39034 6.35478 0
1.92 -1.92989 -0.390649 6.33144 0
1.93 -1.94313 -0.390702 6.30473 0
1.94 -1.95591 -0.390508 6.27481 0
1.95 -1.96825 -0.390076 6.24182 0
1.96 -1.98014 -0.389414 6.2059 0
1.97 -1.99159 -0.388531 6.1672 0
1.98 -2.0026 -0.387434 6.12586 0
1.99 -2.01317 -0.386132 6.082 0
2 -2.02331 -0.384633 6.03577 0
2.01 -2.03303 -0.382945 5.98727 0
2.02 -2.04231 -0.381076 5.93665 0
2.03 -2.05118 -0.379032 5.884 0
2.04 -2.05963 -0.376822 5.82946 0
2.05 -2.06767 -0.374453 5.77313 0
2.06 -2.0753 -0.371932 5.71513 0
2.07 -2.08252 -0.369266 5.65555 0
2.08 -2.08934 -0.366462 5.59449 0
2.09 -2.09577 -0.363526 5.53207 0
2.1 -2.10181 -0.360466 5.46836 0
2.11 -2.10746 -0.357288 5.40348 0
2.12 -2.11274 -0.353998 5.33749 0
2.13 -2.11763 -0.350602 5.2705 0
2.14 -2.12216 -0.347106 5.20258 0
2.15 -2.12632 -0.343516 5.13382 0
2.16 -2.13011 -0.339838 5.06429 0
2.17 -2.13355 -0.336077 4.99406 0
2.18 -2.13665 -0.332239 4.92322 0
2.19 -2.13939 -0.328328 4.85183 0
2.2 -2.1418 -0.32435 4.77995 0
2.21 -2.14387 -0.32031 4.70766 0
2.22 -2.14561 -0.316212 4.63501 0
2.23 -2.14702 -0.312061 4.56206 0
2.24 -2.14812 -0.307863 4.48888 0
2.25 -2.1489 -0.30362 4.41552 0
2.26 -2.14937 -0.299337 4.34202 0
2.27 -2.14954 -0.295019 4.26845 0
2.28 -2.14941 -0.290669 4.19485 0
2.29 -2.14899 -0.286291 4.12126 0
2.3 -2.14829 -0.281889 4.04774 0
2.31 -2.1473 -0.277467 3.97433 0
2.32 -2.14603 -0.273027 3.90106 0
2.33 -2.14449 -0.268573 3.82797 0
2.34 -2.14268 -0.264109 3.75511 0
2.35 -2.14062 -0.259637 3.68251 0
2.36 -2.1383 -0.25516 3.6102 0
2.37 -2.13572 -0.250682 3.53822 0
2.38 -2.1329 -0.246204 3.4666 0
2.39 -2.12985 -0.24173 3.39536 0
2.4 -2.12655 -0.237262 3.32453 0
2.41 -2.12303 -0.232803 3.25415 0
2.42 -2.11928 -0.228354 3.18423 0
2.43 -2.1153 -0.223919 3.11481 0
2.44 -2.11112 -0.219498 3.04589 0
2.45 -2.10672 -0.215095 2.97751 0
2.46 -2.10212 -0.210711 2.90968 0
2.47 -2.09731 -0.206348 2.84243 0
2.48 -2.09231 -0.202008 2.77576 0
2.49 -2.08712 -0.197693 2.7097 0
2.5 -2.08174 -0.193403 2.64426 0
2.51 -2.07618 -0.189141 2.57946 0
2.52 -2.07044 -0.184908 2.51531 0
2.53 -2.06453 -0.180706 2.45182 0
2.54 -2.05845 -0.176535 2.389 0
2.55 -2.05221 -0.172397 2.32687 0
2.56 -2.0458 -0.168293 2.26543 0
2.57 -2.03924 -0.164224 2.2047 0
2.58 -2.03253 -0.160192 2.14467 0
2.59 -2.02567 -0.156197 2.08537 0
2.6 -2.01867 -0.152239 2.02679 0
2.61 -2.01153 -0.148321 1.96894 0
2.62 -2.00426 -0.144442 1.91183 0
2.63 -1.99685 -0.140604 1.85546 0
2.64 -1.98932 -0.136807 1.79983 0
2.65 -1.98167 -0.133051 1.74495 0
2.66 -1.97389 -0.129338 1.69082 0
2.67 -1.966 -0.125668 1.63745 0
2.68 -1.958 -0.122041 1.58483 0
2.69 -1.94989 -0.118458 1.53296 0
2.7 -1.94168 -0.114918 1.48186 0
2.71 -1.93337 -0.111424 1.4315 0
2.72 -1.92496 -0.107974 1.38191 0
2.73 -1.91645 -0.104569 1.33307 0
2.74 -1.90786 -0.101209 1.28498 0
2.75 -1.89918 -0.0978949 1.23765 0
2.76 -1.89041 -0.0946263 1.19106 0
2.77 -1.88157 -0.0914036 1.14523 0
2.78 -1.87264 -0.0882267 1.10014 0
2.79 -1.86365 -0.0850957 1.05579 0
2.8 -1.85458 -0.0820107 1.01218 0
2.81 -1.84545 -0.0789717 0.969311 0
2.82 -1.83624 -0.0759787 0.92717 0
2.83 -1.82698 -0.0730316 0.885757 0
2.84 -1.81766 -0.0701303 0.845067 0
2.85 -1.80828 -0.0672748 0.805095 0
2.86 -1.79885 -0.0644649 0.765837 0
2.87 -1.78937 -0.0617005 0.727288 0
2.88 -1.77984 -0.0589815 0.689442 0
2.89 -1.77026 -0.0563076 0.652293 0
2.9 -1.76064 -0.0536787 0.615837 0
2.91 -1.75098 -0.0510946 0.580067 0
2.92 -1.74128 -0.048555 0.544978 0
2.93 -1.73155 -0.0460597 0.510563 0
2.94 -1.72178 -0.0436084 0.476815 0
2.95 -1.71199 -0.0412008 0.44373 0
2.96 -1.70216 -0.0388367 0.411299 0
2.97 -1.69231 -0.0365158 0.379518 0
2.98 -1.68243 -0.0342377 0.348378 0
2.99 -1.67253 -0.0320021 0.317873 0
3 -1.66261 -0.0298086 0.287996 0
3.01 -1.65268 -0.027657 0.258741 0
3.02 -1.64273 -0.0255469 0.230099 0
3.03 -1.63276 -0.0234778 0.202065 0
3.04 -1.62278 -0.0214495 0.174631 0
3.05 -1.61279 -0.0194615 0.14779 0
3.06 -1.6028 -0.0175134 0.121535 0
3.07 -1.59279 -0.0156049 0.095858 0
3.08 -1.58279 -0.0137355 0.0707522 0
3.09 -1.57278 -0.0119049 0.0462102 0
3.1 -1.56276 -0.0101126 0.0222248 0
3.11 -1.55275 -0.00835824 -0.00121144 0
3.12 -1.54274 -0.00664133 -0.0241058 0
3.13 -1.53274 -0.00496148 -0.0464657 0
3.14 -1.52274 -0.00331825 -0.0682984 0
3.15 -1.51274 -0.00171121 -0.0896112 0
3.16 -1.50276 -0.000139919 -0.110412 0
3.17 -1.49278 0.00139605 -0.130707 0
3.18 -1.48281 0.00289715 -0.150504 0
3.19 -1.47286 0.00436381 -0.169811 0
3.2 -1.46292 0.00579649 -0.188634 0
3.21 -1.45299 0.00719562 -0.206981 0
3.22 -1.44309 0.00856165 -0.22486 0
3.23 -1.43319 0.00989504 -0.242276 0
3.24 -1.42332 0.0111962 -0.259238 0
3.25 -1.41347 0.0124656 -0.275752 0
3.26 -1.40363 0.0137037 -0.291826 0
3.27 -1.39382 0.0149109 -0.307467 0
3.28 -1.38403 0.0160878 -0.322681 0
3.29 -1.37427 0.0172346 -0.337475 0
3.3 -1.36453 0.0183518 -0.351857 0
3.31 -1.35482 0.01944 -0.365833 0
3.32 -1.34513 0.0204995 -0.37941 0
3.33 -1.33547 0.0215308 -0.392594 0
3.34 -1.32584 0.0225343 -0.405392 0
3.35 -1.31624 0.0235105 -0.417812 0
3.36 -1.30667 0.0244597 -0.429859 0
3.37 -1.29713 0.0253824 -0.44154 0
3.38 -1.28762 0.026279 -0.452861 0
3.39 -1.27815 0.02715 -0.463829 0
3.4 -1.26871 0.0279958 -0.474449 0
3.41 -1.2593 0.0288167 -0.484729 0
3.42 -1.24993 0.0296133 -0.494675 0
3.43 -1.24059 0.0303858 -0.504292 0
3.44 -1.23129 0.0311348 -0.513586 0
3.45 -1.22203 0.0318606 -0.522564 0
3.46 -1.2128 0.0325636 -0.531231 0
3.47 -1.20362 0.0332442 -0.539594 0
3.48 -1.19447 0.0339028 -0.547658 0
3.49 -1.18536 0.0345399 -0.555428 0
3.5 -1.17629 0.0351557 -0.562911 0
3.51 -1.16726 0.0357507 -0.570112 0
3.52 -1.15827 0.0363253 -0.577037 0
3.53 -1.14932 0.0368797 -0.58369 0
3.54 -1.14041 0.0374145 -0.590077 0
3.55 -1.13155 0.0379299 -0.596204 0
3.56 -1.12273 0.0384264 -0.602076 0
3.57 -1.11395 0.0389042 -0.607698 0
3.58 -1.10521 0.0393638 -0.613075 0
3.59 -1.09652 0.0398054 -0.618212 0
3.6 -1.08787 0.0402295 -0.623114 0
3.61 -1.07926 0.0406364 -0.627786 0
3.62 -1.0707 0.0410264 -0.632232 0
3.63 -1.06219 0.0413998 -0.636458 0
3.64 -1.05371 0.041757 -0.640468 0
3.65 -1.04529 0.0420983 -0.644267 0
3.66 -1.03691 0.042424 -0.647859 0
3.67 -1.02857 0.0427345 -0.651249 0
3.68 -1.02029 0.04303 -0.654441 0
3.69 -1.01204 0.0433109 -0.657439 0
3.7 -1.00385 0.0435775 -0.660249 0
3.71 -0.995699 0.04383 -0.662873 0
3.72 -0.987596 0.0440688 -0.665316 0
3.73 -0.979541 0.0442941 -0.667583 0
3.74 -0.971532 0.0445063 -0.669677 0
3.75 -0.963571 0.0447056 -0.671602 0
3.76 -0.955657 0.0448923 -0.673363 0
3.77 -0.94779 0.0450667 -0.674962 0
3.78 -0.939971 0.0452291 -0.676404 0
3.79 -0.932199 0.0453797 -0.677692 0
3.8 -0.924475 0.0455187 -0.67883 0
3.81 -0.916799 0.0456466 -0.679822 0
3.82 -0.90917 0.0457634 -0.680672 0
3.83 -0.90159 0.0458694 -0.681381 0
3.84 -0.894057 0.045965 -0.681955 0
3.85 -0.886572 0.0460503 -0.682397 0
3.86 -0.879135 0.0461256 -0.682709 0
3.87 -0.871745 0.0461911 -0.682894 0
3.88 -0.864404 0.0462471 -0.682958 0
3.89 -0.857111 0.0462938 -0.682901 0
3.9 -0.849865 0.0463313 -0.682727 0
3.91 -0.842668 0.04636 -0.68244 0
3.92 -0.835518 0.0463801 -0.682043 0
3.93 -0.828416 0.0463917 -0.681537 0
3.94 -0.821362 0.046395 -0.680927 0
3.95 -0.814355 0.0463904 -0.680214 0
3.96 -0.807396 0.0463779 -0.679402 0
3.97 -0.800485 0.0463578 -0.678493 0
3.98 -0.793621 0.0463303 -0.677491 0
3.99 -0.786805 0.0462955 -0.676397 0
4 -0.780036 0.0462537 -0.675214 0
4.01 -0.773314 0.0462051 -0.673945 0
4.02 -0.766639 0.0461498 -0.672591 0
4.03 -0.760011 0.046088 -0.671157 0
4.04 -0.753431 0.0460198 -0.669643 0
4.05 -0.746897 0.0459456 -0.668053 0
4.06 -0.740409 0.0458653 -0.666388 0
4.07 -0.733969 0.0457793 -0.664651 0
4.08 -0.727575 0.0456876 -0.662844 0
4.09 -0.721227 0.0455904 -0.660969 0
4.1 -0.714925 0.0454879 -0.659028 0
4.11 -0.708669 0.0453803 -0.657023 0
4.12 -0.702459 0.0452676 -0.654957 0
4.13 -0.696295 0.04515 -0.652831 0
4.14 -0.690177 0.0450278 -0.650647 0
4.15 -0.684104 0.0449009 -0.648408 0
4.16 -0.678076 0.0447696 -0.646114 0
4.17 -0.672093 0.0446341 -0.643768 0
4.18 -0.666155 0.0444943 -0.641372 0
4.19 -0.660262 0.0443505 -0.638927 0
4.2 -0.654414 0.0442029 -0.636436 0
4.21 -0.648609 0.0440514 -0.633899 0
4.22 -0.642849 0.0438963 -0.631318 0
4.23 -0.637134 0.0437377 -0.628696 0
4.24 -0.631462 0.0435757 -0.626033 0
4.25 -0.625833 0.0434103 -0.623331 0
4.26 -0.620248 0.0432419 -0.620592 0
4.27 -0.614706 0.0430703 -0.617817 0
4.28 -0.609208 0.0428958 -0.615008 0
4.29 -0.603752 0.0427184 -0.612166 0
4.3 -0.598339 0.0425384 -0.609292 0
4.31 -0.592968 0.0423556 -0.606388 0
4.32 -0.587639 0.0421704 -0.603455 0
4.33 -0.582353 0.0419827 -0.600494 0
4.34 -0.577108 0.0417927 -0.597507 0
4.35 -0.571905 0.0416005 -0.594495 0
4.36 -0.566744 0.0414061 -0.591459 0
4.37 -0.561623 0.0412096 -0.5884 0
4.38 -0.556544 0.0410112 -0.58532 0
4.39 -0.551505 0.0408109 -0.582219 0
4.4 -0.546507 0.0406088 -0.579099 0
4.41 -0.541549 0.040405 -0.575961 0
4.42 -0.536631 0.0401995 -0.572805 0
4.43 -0.531753 0.0399926 -0.569633 0
4.44 -0.526915 0.0397841 -0.566446 0
4.45 -0.522116 0.0395743 -0.563245 0
4.46 -0.517356 0.0393631 -0.560031 0
4.47 -0.512635 0.0391507 -0.556804 0
4.48 -0.507953 0.0389371 -0.553566 0
4.49 -0.503309 0.0387224 -0.550317 0
4.5 -0.498704 0.0385066 -0.547059 0
4.51 -0.494137 0.0382899 -0.543792 0
4.52 -0.489607 0.0380723 -0.540517 0
4.53 -0.485115 0.0378538 -0.537235 0
4.54 -0.480661 0.0376345 -0.533946 0
4.55 -0.476243 0.0374146 -0.530652 0
4.56 -0.471863 0.0371939 -0.527353 0
4.57 -0.467519 0.0369727 -0.52405 0
4.58 -0.463211 0.0367508 -0.520743 0
4.59 -0.45894 0.0365285 -0.517434 0
4.6 -0.454705 0.0363058 -0.514122 0
4.61 -0.450505 0.0360826 -0.51081 0
4.62 -0.446341 0.0358591 -0.507496 0
4.63 -0.442212 0.0356354 -0.504182 0
4.64 -0.438118 0.0354113 -0.500869 0
4.65 -0.434059 0.0351871 -0.497556 0
4.66 -0.430035 0.0349627 -0.494245 0
4.67 -0.426045 0.0347382 -0.490937 0
4.68 -0.422089 0.0345137 -0.487631 0
4.69 -0.418167 0.0342891 -0.484328 0
4.7 -0.414278 0.0340645 -0.481029 0
4.71 -0.410423 0.03384 -0.477734 0
4.72 -0.406601 0.0336156 -0.474444 0
4.73 -0.402812 0.0333913 -0.471159 0
4.74 -0.399055 0.0331672 -0.46788 0
4.75 -0.395332 0.0329433 -0.464606 0
4.76 -0.39164 0.0327196 -0.46134 0
4.77 -0.38798 0.0324962 -0.45808 0
4.78 -0.384353 0.0322731 -0.454827 0
4.79 -0.380756 0.0320504 -0.451582 0
4.8 -0.377192 0.031828 -0.448345 0
4.81 -0.373658 0.031606 -0.445117 0
4.82 -0.370155 0.0313844 -0.441897 0
4.83 -0.366683 0.0311633 -0.438687 0
4.84 -0.363241 0.0309427 -0.435486 0
4.85 -0.359829 0.0307226 -0.432294 0
4.86 -0.356448 0.030503 -0.429113 0
4.87 -0.353096 0.030284 -0.425942 0
4.88 -0.349774 0.0300656 -0.422782 0
4.89 -0.346481 0.0298478 -0.419633 0
4.9 -0.343217 0.0296306 -0.416495 0
4.91 -0.339982 0.0294141 -0.413369 0
4.92 -0.336776 0.0291982 -0.410254 0
4.93 -0.333598 0.0289831 -0.407152 0
4.94 -0.330449 0.0287686 -0.404061 0
4.95 -0.327327 0.0285549 -0.400983 0
4.96 -0.324233 0.0283419 -0.397918 0
4.97 -0.321167 0.0281297 -0.394865 0
4.98 -0.318129 0.0279183 -0.391826 0
4.99 -0.315117 0.0277077 -0.3888 0
5 -0.312132 0.027498 -0.385787 0
5.01 -0.309175 0.027289 -0.382788 0
5.02 -0.306243 0.0270809 -0.379803 0
5.03 -0.303338 0.0268737 -0.376832 0
5.04 -0.300459 0.0266674 -0.373875 0
5.05 -0.297606 0.0264619 -0.370932 0
5.06 -0.294779 0.0262573 -0.368004 0
5.07 -0.291977 0.0260537 -0.36509 0
5.08 -0.289201 0.025851 -0.362191 0
5.09 -0.28645 0.0256492 -0.359306 0
5.1 -0.283723 0.0254484 -0.356437 0
5.11 -0.281022 0.0252486 -0.353582 0
5.12 -0.278344 0.0250497 -0.350743 0
5.13 -0.275692 0.0248518 -0.347919 0
5.14 -0.273063 0.0246549 -0.34511 0
5.15 -0.270458 0.0244589 -0.342317 0
5.16 -0.267877 0.024264 -0.339539 0
5.17 -0.265319 0.0240701 -0.336777 0
5.18 -0.262785 0.0238772 -0.33403 0
5.19 -0.260274 0.0236854 -0.331299 0
5.2 -0.257785 0.0234946 -0.328584 0
5.21 -0.25532 0.0233048 -0.325885 0
5.22 -0.252877 0.0231161 -0.323201 0
5.23 -0.250457 0.0229284 -0.320534 0
5.24 -0.248059 0.0227418 -0.317882 0
5.25 -0.245682 0.0225562 -0.315247 0
5.26 -0.243328 0.0223717 -0.312628 0
5.27 -0.240995 0.0221883 -0.310024 0
5.28 -0.238684 0.0220059 -0.307437 0
5.29 -0.236394 0.0218246 -0.304866 0
5.3 -0.234125 0.0216444 -0.302311 0
5.31 -0.231877 0.0214653 -0.299773 0
5.32 -0.22965 0.0212873 -0.29725 0
5.33 -0.227443 0.0211103 -0.294744 0
5.34 -0.225257 0.0209345 -0.292254 0
5.35 -0.223091 0.0207597 -0.28978 0
5.36 -0.220946 0.0205861 -0.287323 0
5.37 -0.21882 0.0204135 -0.284881 0
5.38 -0.216713 0.020242 -0.282456 0
5.39 -0.214627 0.0200716 -0.280047 0
5.4 -0.21256 0.0199024 -0.277655 0
5.41 -0.210511 0.0197342 -0.275278 0
5.42 -0.208483 0.0195671 -0.272918 0
5.43 -0.206472 0.0194011 -0.270574 0
5.44 -0.204481 0.0192362 -0.268246 0
5.45 -0.202508 0.0190724 -0.265934 0
5.46 -0.200554 0.0189097 -0.263638 0
5.47 -0.198618 0.0187481 -0.261358 0
5.48 -0.1967 0.0185876 -0.259094 0
5.49 -0.1948 0.0184282 -0.256847 0
5.5 -0.192917 0.0182699 -0.254615 0
5.51 -0.191053 0.0181127 -0.252399 0
5.52 -0.189206 0.0179565 -0.250199 0
5.53 -0.187376 0.0178015 -0.248015 0
5.54 -0.185563 0.0176475 -0.245847 0
5.55 -0.183767 0.0174946 -0.243694 0
5.56 -0.181988 0.0173428 -0.241557 0
5.57 -0.180226 0.0171921 -0.239436 0
5.58 -0.178481 0.0170425 -0.237331 0
5.59 -0.176752 0.0168939 -0.235241 0
5.6 -0.175039 0.0167464 -0.233166 0
5.61 -0.173342 0.0166 -0.231107 0
5.62 -0.171662 0.0164546 -0.229064 0
5.63 -0.169997 0.0163103 -0.227035 0
5.64 -0.168348 0.0161671 -0.225023 0
5.65 -0.166714 0.0160249 -0.223025 0
5.66 -0.165096 0.0158838 -0.221042 0
5.67 -0.163493 0.0157437 -0.219075 0
5.68 -0.161905 0.0156046 -0.217123 0
5.69 -0.160333 0.0154666 -0.215185 0
5.7 -0.158775 0.0153297 -0.213263 0
5.71 -0.157232 0.0151938 -0.211356 0
5.72 -0.155704 0.0150589 -0.209463 0
5.73 -0.15419 0.014925 -0.207585 0
5.74 -0.15269 0.0147921 -0.205722 0
5.75 -0.151205 0.0146603 -0.203873 0
5.76 -0.149734 0.0145295 -0.202039 0
5.77 -0.148277 0.0143997 -0.200219 0
5.78 -0.146833 0.0142709 -0.198414 0
5.79 -0.145404 0.0141431 -0.196623 0
5.8 -0.143988 0.0140163 -0.194846 0
5.81 -0.142585 0.0138904 -0.193083 0
5.82 -0.141196 0.0137656 -0.191335 0
5.83 -0.13982 0.0136418 -0.1896 0
5.84 -0.138457 0.0135189 -0.18788 0
5.85 -0.137107 0.013397 -0.186173 0
5.86 -0.135771 0.0132761 -0.18448 0
5.87 -0.134446 0.0131561 -0.182801 0
5.88 -0.133135 0.0130371 -0.181136 0
5.89 -0.131836 0.012919 -0.179484 0
5.9 -0.130549 0.0128019 -0.177846 0
5.91 -0.129275 0.0126857 -0.176221 0
5.92 -0.128013 0.0125705 -0.174609 0
5.93 -0.126763 0.0124562 -0.173011 0
5.94 -0.125525 0.0123428 -0.171426 0
5.95 -0.124299 0.0122304 -0.169854 0
5.96 -0.123084 0.0121188 -0.168295 0
5.97 -0.121881 0.0120082 -0.166748 0
5.98 -0.12069 0.0118985 -0.165215 0
5.99 -0.11951 0.0117897 -0.163695 0
6 -0.118342 0.0116817 -0.162187 0
6.01 -0.117185 0.0115747 -0.160692 0
6.02 -0.116038 0.0114686 -0.159209 0
6.03 -0.114903 0.0113633 -0.157739 0
6.04 -0.113779 0.0112589 -0.156282 0
6.05 -0.112665 0.0111554 -0.154836 0
6.06 -0.111563 0.0110527 -0.153403 0
6.07 -0.110471 0.0109509 -0.151982 0
6.08 -0.109389 0.01085 -0.150573 0
6.09 -0.108318 0.0107499 -0.149177 0
6.1 -0.107257 0.0106506 -0.147792 0
6.11 -0.106206 0.0105522 -0.146418 0
6.12 -0.105166 0.0104546 -0.145057 0
6.13 -0.104135 0.0103578 -0.143707 0
6.14 -0.103115 0.0102619 -0.142369 0
6.15 -0.102104 0.0101668 -0.141043 0
6.16 -0.101103 0.0100725 -0.139727 0
6.17 -0.100112 0.00997894 -0.138424 0
6.18 -0.0991298 0.00988623 -0.137131 0
6.19 -0.0981576 0.00979431 -0.13585 0
6.2 -0.0971947 0.00970318 -0.13458 0
6.21 -0.0962411 0.00961283 -0.13332 0
6.22 -0.0952968 0.00952326 -0.132072 0
6.23 -0.0943616 0.00943446 -0.130835 0
6.24 -0.0934354 0.00934642 -0.129608 0
6.25 -0.0925182 0.00925915 -0.128392 0
6.26 -0.0916099 0.00917264 -0.127187 0
6.27 -0.0907104 0.00908687 -0.125993 0
6.28 -0.0898195 0.00900185 -0.124809 0
6.29 -0.0889374 0.00891757 -0.123635 0
6.3 -0.0880637 0.00883403 -0.122471 0
6.31 -0.0871985 0.00875122 -0.121318 0
6.32 -0.0863418 0.00866912 -0.120175 0
6.33 -0.0854933 0.00858775 -0.119043 0
6.34 -0.084653 0.0085071 -0.11792 0
6.35 -0.083821 0.00842715 -0.116807 0
6.36 -0.0829969 0.0083479 -0.115704 0
6.37 -0.0821809 0.00826935 -0.114611 0
6.38 -0.0813728 0.0081915 -0.113528 0
6.39 -0.0805726 0.00811433 -0.112454 0
6.4 -0.0797801 0.00803784 -0.11139 0
6.41 -0.0789954 0.00796204 -0.110335 0
6.42 -0.0782182 0.0078869 -0.10929 0
6.43 -0.0774486 0.00781243 -0.108254 0
6.44 -0.0766865 0.00773863 -0.107228 0
6.45 -0.0759318 0.00766548 -0.10621 0
6.46 -0.0751845 0.00759298 -0.105202 0
6.47 -0.0744444 0.00752113 -0.104203 0
6.48 -0.0737116 0.00744993 -0.103213 0
6.49 -0.0729858 0.00737936 -0.102232 0
6.5 -0.0722672 0.00730942 -0.10126 0
6.51 -0.0715555 0.00724011 -0.100296 0
6.52 -0.0708508 0.00717142 -0.0993412 0
6.53 -0.0701529 0.00710335 -0.0983951 0
6.54 -0.0694618 0.00703589 -0.0974575 0
6.55 -0.0687775 0.00696904 -0.0965285 0
6.56 -0.0680998 0.00690279 -0.0956078 0
6.57 -0.0674288 0.00683715 -0.0946956 0
6.58 -0.0667643 0.00677209 -0.0937917 0
6.59 -0.0661063 0.00670762 -0.092896 0
6.6 -0.0654547 0.00664374 -0.0920085 0
6.61 -0.0648095 0.00658044 -0.0911291 0
6.62 -0.0641705 0.00651771 -0.0902577 0
6.63 -0.0635378 0.00645555 -0.0893943 0
6.64 -0.0629113 0.00639396 -0.0885388 0
6.65 -0.0622909 0.00633292 -0.0876911 0
6.66 -0.0616766 0.00627245 -0.0868513 0
6.67 -0.0610682 0.00621252 -0.0860191 0
6.68 -0.0604659 0.00615315 -0.0851946 0
6.69 -0.0598694 0.00609431 -0.0843776 0
6.7 -0.0592787 0.00603602 -0.0835682 0
6.71 -0.0586938 0.00597825 -0.0827663 0
6.72 -0.0581146 0.00592102 -0.0819717 0
6.73 -0.0575411 0.00586431 -0.0811845 0
6.74 -0.0569732 0.00580813 -0.0804046 0
6.75 -0.0564109 0.00575246 -0.0796318 0
6.76 -0.0558541 0.0056973 -0.0788662 0
6.77 -0.0553027 0.00564265 -0.0781077 0
6.78 -0.0547567 0.0055885 -0.0773563 0
6.79 -0.0542161 0.00553485 -0.0766118 0
6.8 -0.0536807 0.0054817 -0.0758742 0
6.81 -0.0531506 0.00542904 -0.0751434 0
6.82 -0.0526257 0.00537686 -0.0744195 0
6.83 -0.052106 0.00532517 -0.0737023 0
6.84 -0.0515913 0.00527396 -0.0729917 0
6.85 -0.0510817 0.00522322 -0.0722878 0
6.86 -0.0505771 0.00517295 -0.0715904 0
6.87 -0.0500774 0.00512315 -0.0708996 0
6.88 -0.0495826 0.00507381 -0.0702152 0
6.89 -0.0490927 0.00502493 -0.0695372 0
6.9 -0.0486076 0.0049765 -0.0688655 0
6.91 -0.0481272 0.00492853 -0.0682001 0
6.92 -0.0476516 0.004881 -0.067541 0
6.93 -0.0471806 0.00483391 -0.066888 0
6.94 -0.0467142 0.00478727 -0.0662411 0
6.95 -0.0462525 0.00474106 -0.0656003 0
6.96 -0.0457952 0.00469528 -0.0649655 0
6.97 -0.0453425 0.00464993 -0.0643367 0
6.98 -0.0448942 0.004605 -0.0637138 0
6.99 -0.0444502 0.00456049 -0.0630967 0
7 -0.0440107 0.0045164 -0.0624855 0
7.01 -0.0435755 0.00447273 -0.06188 0
7.02 -0.0431445 0.00442946 -0.0612802 0
7.03 -0.0427178 0.0043866 -0.0606861 0
7.04 -0.0422953 0.00434414 -0.0600975 0
7.05 -0.0418769 0.00430208 -0.0595145 0
7.06 -0.0414627 0.00426042 -0.058937 0
7.07 -0.0410525 0.00421915 -0.058365 0
7.08 -0.0406463 0.00417826 -0.0577984 0
7.09 -0.0402442 0.00413777 -0.0572371 0
7.1 -0.039846 0.00409765 -0.0566812 0
7.11 -0.0394517 0.00405791 -0.0561305 0
7.12 -0.0390613 0.00401855 -0.055585 0
7.13 -0.0386747 0.00397956 -0.0550447 0
7.14 -0.038292 0.00394093 -0.0545095 0
7.15 -0.037913 0.00390267 -0.0539794 0
7.16 -0.0375377 0.00386478 -0.0534544 0
7.17 -0.0371662 0.00382724 -0.0529343 0
7.18 -0.0367983 0.00379006 -0.0524191 0
7.19 -0.036434 0.00375323 -0.0519089 0
7.2 -0.0360733 0.00371674 -0.0514035 0
7.21 -0.0357161 0.00368061 -0.0509029 0
7.22 -0.0353625 0.00364482 -0.0504071 0
7.23 -0.0350123 0.00360936 -0.049916 0
7.24 -0.0346656 0.00357425 -0.0494295 0
7.25 -0.0343224 0.00353946 -0.0489477 0
7.26 -0.0339825 0.00350501 -0.0484706 0
7.27 -0.0336459 0.00347089 -0.0479979 0
7.28 -0.0333127 0.00343709 -0.0475298 0
7.29 -0.0329827 0.00340361 -0.0470661 0
7.3 -0.032656 0.00337045 -0.0466069 0
7.31 -0.0323325 0.0033376 -0.0461521 0
7.32 -0.0320123 0.00330507 -0.0457016 0
7.33 -0.0316951 0.00327285 -0.0452554 0
7.34 -0.0313811 0.00324094 -0.0448135 0
7.35 -0.0310702 0.00320933 -0.0443758 0
7.36 -0.0307624 0.00317802 -0.0439423 0
7.37 -0.0304576 0.00314702 -0.043513 0
7.38 -0.0301558 0.00311631 -0.0430878 0
7.39 -0.029857 0.00308589 -0.0426666 0
7.4 -0.0295611 0.00305576 -0.0422495 0
7.41 -0.0292681 0.00302592 -0.0418364 0
7.42 -0.0289781 0.00299637 -0.0414273 0
7.43 -0.0286909 0.0029671 -0.0410221 0
7.44 -0.0284065 0.00293811 -0.0406207 0
7.45 -0.0281249 0.0029094 -0.0402233 0
7.46 -0.0278462 0.00288096 -0.0398297 0
7.47 -0.0275701 0.0028528 -0.0394398 0
7.48 -0.0272968 0.00282491 -0.0390537 0
7.49 -0.0270262 0.00279728 -0.0386713 0
7.5 -0.0267583 0.00276992 -0.0382926 0
7.51 -0.026493 0.00274283 -0.0379176 0
7.52 -0.0262304 0.00271599 -0.0375461 0
7.53 -0.0259703 0.00268941 -0.0371782 0
7.54 -0.0257128 0.00266309 -0.0368139 0
7.55 -0.0254578 0.00263702 -0.0364531 0
7.56 -0.0252054 0.0026112 -0.0360958 0
7.57 -0.0249554 0.00258563 -0.0357419 0
7.58 -0.024708 0.0025603 -0.0353915 0
7.59 -0.0244629 0.00253522 -0.0350444 0
7.6 -0.0242203 0.00251038 -0.0347007 0
7.61 -0.0239801 0.00248578 -0.0343603 0
7.62 -0.0237423 0.00246142 -0.0340232 0
7.63 -0.0235068 0.00243729 -0.0336893 0
7.64 -0.0232736 0.0024134 -0.0333587 0
7.65 -0.0230428 0.00238974 -0.0330313 0
7.66 -0.0228142 0.0023663 -0.032707 0
7.67 -0.0225879 0.00234309 -0.0323859 0
7.68 -0.0223638 0.00232011 -0.0320679 0
7.69 -0.0221419 0.00229735 -0.0317529 0
7.7 -0.0219223 0.0022748 -0.0314411 0
7.71 -0.0217048 0.00225248 -0.0311322 0
7.72 -0.0214894 0.00223037 -0.0308263 0
7.73 -0.0212762 0.00220848 -0.0305234 0
7.74 -0.0210651 0.00218679 -0.0302235 0
7.75 -0.0208561 0.00216532 -0.0299264 0
7.76 -0.0206492 0.00214406 -0.0296323 0
7.77 -0.0204443 0.002123 -0.0293409 0
7.78 -0.0202414 0.00210214 -0.0290525 0
7.79 -0.0200405 0.00208149 -0.0287668 0
7.8 -0.0198416 0.00206104 -0.0284839 0
7.81 -0.0196447 0.00204078 -0.0282037 0
7.82 -0.0194498 0.00202073 -0.0279263 0
7.83 -0.0192567 0.00200086 -0.0276515 0
7.84 -0.0190656 0.00198119 -0.0273795 0
7.85 -0.0188764 0.00196172 -0.02711 0
7.86 -0.018689 0.00194243 -0.0268432 0
7.87 -0.0185035 0.00192332 -0.026579 0
7.88 -0.0183199 0.00190441 -0.0263174 0
7.89 -0.018138 0.00188567 -0.0260583 0
7.9 -0.017958 0.00186712 -0.0258017 0
7.91 -0.0177797 0.00184875 -0.0255477 0
7.92 -0.0176032 0.00183056 -0.0252961 0
7.93 -0.0174284 0.00181254 -0.0250469 0
7.94 -0.0172554 0.0017947 -0.0248002 0
7.95 -0.0170841 0.00177704 -0.0245559 0
7.96 -0.0169145 0.00175954 -0.024314 0
7.97 -0.0167466 0.00174222 -0.0240744 0
7.98 -0.0165803 0.00172506 -0.0238372 0
7.99 -0.0164157 0.00170808 -0.0236023 0
8 -0.0162527 0.00169125 -0.0233696 0
8.01 -0.0160913 0.00167459 -0.0231393 0
8.02 -0.0159315 0.0016581 -0.0229112 0
8.03 -0.0157733 0.00164176 -0.0226853 0
8.04 -0.0156167 0.00162559 -0.0224616 0
8.05 -0.0154616 0.00160957 -0.0222401 0
8.06 -0.0153081 0.0015937 -0.0220208 0
8.07 -0.015156 0.001578 -0.0218036 0
8.08 -0.0150055 0.00156244 -0.0215885 0
8.09 -0.0148565 0.00154704 -0.0213756 0
8.1 -0.014709 0.00153179 -0.0211647 0
8.11 -0.0145629 0.00151669 -0.0209559 0
8.12 -0.0144183 0.00150173 -0.0207491 0
8.13 -0.0142751 0.00148692 -0.0205444 0
8.14 -0.0141333 0.00147226 -0.0203416 0
8.15 -0.0139929 0.00145773 -0.0201409 0
8.16 -0.0138539 0.00144335 -0.0199421 0
8.17 -0.0137163 0.00142912 -0.0197452 0
8.18 -0.0135801 0.00141502 -0.0195503 0
8.19 -0.0134452 0.00140105 -0.0193573 0
8.2 -0.0133116 0.00138723 -0.0191661 0
8.21 -0.0131794 0.00137354 -0.0189769 0
8.22 -0.0130485 0.00135998 -0.0187895 0
8.23 -0.0129188 0.00134656 -0.0186039 0
8.24 -0.0127905 0.00133327 -0.0184202 0
8.25 -0.0126634 0.0013201 -0.0182382 0
8.26 -0.0125376 0.00130707 -0.0180581 0
8.27 -0.0124131 0.00129417 -0.0178797 0
8.28 -0.0122897 0.00128139 -0.017703 0
8.29 -0.0121676 0.00126873 -0.0175281 0
8.3 -0.0120468 0.0012562 -0.0173549 0
8.31 -0.0119271 0.0012438 -0.0171834 0
8.32 -0.0118086 0.00123151 -0.0170136 0
8.33 -0.0116912 0.00121935 -0.0168454 0
8.34 -0.0115751 0.0012073 -0.0166789 0
8.35 -0.0114601 0.00119537 -0.0165141 0
8.36 -0.0113462 0.00118356 -0.0163508 0
8.37 -0.0112335 0.00117187 -0.0161892 0
8.38 -0.0111218 0.00116029 -0.0160291 0
8.39 -0.0110113 0.00114882 -0.0158706 0
8.4 -0.0109019 0.00113747 -0.0157137 0
8.41 -0.0107936 0.00112622 -0.0155583 0
8.42 -0.0106863 0.00111509 -0.0154044 0
8.43 -0.0105801 0.00110407 -0.0152521 0
8.44 -0.010475 0.00109315 -0.0151012 0
8.45 -0.0103709 0.00108235 -0.0149519 0
8.46 -0.0102678 0.00107164 -0.014804 0
8.47 -0.0101658 0.00106105 -0.0146575 0
8.48 -0.0100648 0.00105056 -0.0145125 0
8.49 -0.00996472 0.00104017 -0.0143689 0
8.5 -0.00986569 0.00102988 -0.0142268 0
8.51 -0.00976764 0.00101969 -0.014086 0
8.52 -0.00967056 0.00100961 -0.0139466 0
8.53 -0.00957445 0.00099962 -0.0138086 0
8.54 -0.00947929 0.000989731 -0.0136719 0
8.55 -0.00938507 0.00097994 -0.0135366 0
8.56 -0.00929179 0.000970245 -0.0134026 0
8.57 -0.00919944 0.000960645 -0.01327 0
8.58 -0.009108 0.00095114 -0.0131386 0
8.59 -0.00901747 0.000941728 -0.0130086 0
8.6 -0.00892784 0.000932409 -0.0128798 0
8.61 -0.0088391 0.000923181 -0.0127523 0
8.62 -0.00875124 0.000914045 -0.012626 0
8.63 -0.00866425 0.000904998 -0.012501 0
8.64 -0.00857813 0.00089604 -0.0123772 0
8.65 -0.00849286 0.00088717 -0.0122546 0
8.66 -0.00840843 0.000878388 -0.0121333 0
8.67 -0.00832485 0.000869692 -0.0120131 0
8.68 -0.00824209 0.000861082 -0.0118941 0
8.69 -0.00816016 0.000852557 -0.0117763 0
8.7 -0.00807904 0.000844115 -0.0116597 0
8.71 -0.00799873 0.000835757 -0.0115442 0
8.72 -0.00791921 0.000827481 -0.0114299 0
8.73 -0.00784048 0.000819287 -0.0113166 0
8.74 -0.00776254 0.000811173 -0.0112045 0
8.75 -0.00768536 0.000803139 -0.0110935 0
8.76 -0.00760896 0.000795185 -0.0109836 0
8.77 -0.00753331 0.000787309 -0.0108748 0
8.78 -0.00745842 0.00077951 -0.010767 0
8.79 -0.00738427 0.000771789 -0.0106603 0
8.8 -0.00731085 0.000764143 -0.0105547 0
8.81 -0.00723816 0.000756573 -0.0104501 0
8.82 -0.0071662 0.000749078 -0.0103465 0
8.83 -0.00709495 0.000741656 -0.010244 0
8.84 -0.00702441 0.000734308 -0.0101425 0
8.85 -0.00695457 0.000727032 -0.0100419 0
8.86 -0.00688542 0.000719828 -0.0099424 0
8.87 -0.00681696 0.000712695 -0.00984385 0
8.88 -0.00674918 0.000705632 -0.00974627 0
8.89 -0.00668207 0.000698639 -0.00964965 0
8.9 -0.00661563 0.000691715 -0.00955399 0
8.91 -0.00654985 0.00068486 -0.00945927 0
8.92 -0.00648473 0.000678072 -0.00936549 0
8.93 -0.00642025 0.000671351 -0.00927263 0
8.94 -0.00635641 0.000664696 -0.0091807 0
8.95 -0.0062932 0.000658107 -0.00908967 0
8.96 -0.00623062 0.000651583 -0.00899953 0
8.97 -0.00616867 0.000645124 -0.00891029 0
8.98 -0.00610733 0.000638728 -0.00882193 0
8.99 -0.0060466 0.000632396 -0.00873445 0
9 -0.00598647 0.000626126 -0.00864782 0
9.01 -0.00592694 0.000619918 -0.00856206 0
9.02 -0.005868 0.000613771 -0.00847714 0
9.03 -0.00580965 0.000607685 -0.00839306 0
9.04 -0.00575187 0.000601659 -0.00830981 0
9.05 -0.00569467 0.000595693 -0.00822739 0
9.06 -0.00563804 0.000589785 -0.00814578 0
9.07 -0.00558198 0.000583936 -0.00806498 0
9.08 -0.00552647 0.000578145 -0.00798497 0
9.09 -0.00547151 0.000572411 -0.00790576 0
9.1 -0.00541709 0.000566734 -0.00782733 0
9.11 -0.00536322 0.000561112 -0.00774967 0
9.12 -0.00530988 0.000555547 -0.00767279 0
9.13 -0.00525708 0.000550036 -0.00759666 0
9.14 -0.00520479 0.00054458 -0.00752129 0
9.15 -0.00515303 0.000539178 -0.00744666 0
9.16 -0.00510178 0.000533829 -0.00737277 0
9.17 -0.00505104 0.000528533 -0.00729961 0
9.18 -0.00500081 0.00052329 -0.00722718 0
9.19 -0.00495107 0.000518098 -0.00715546 0
9.2 -0.00490183 0.000512958 -0.00708445 0
9.21 -0.00485308 0.000507868 -0.00701414 0
9.22 -0.00480481 0.000502829 -0.00694453 0
9.23 -0.00475702 0.00049784 -0.00687561 0
9.24 -0.00470971 0.0004929 -0.00680737 0
9.25 -0.00466287 0.000488009 -0.00673981 0
9.26 -0.00461649 0.000483166 -0.00667291 0
9.27 -0.00457058 0.000478371 -0.00660668 0
9.28 -0.00452512 0.000473624 -0.0065411 0
9.29 -0.00448011 0.000468923 -0.00647617 0
9.3 -0.00443555 0.00046427 -0.00641189 0
9.31 -0.00439143 0.000459662 -0.00634824 0
9.32 -0.00434775 0.0004551 -0.00628522 0
9.33 -0.00430451 0.000450583 -0.00622282 0
9.34 -0.00426169 0.00044611 -0.00616105 0
9.35 -0.0042193 0.000441682 -0.00609988 0
9.36 -0.00417734 0.000437298 -0.00603932 0
9.37 -0.00413578 0.000432957 -0.00597936 0
9.38 -0.00409465 0.000428659 -0.00592 0
9.39 -0.00405392 0.000424404 -0.00586122 0
9.4 -0.00401359 0.000420191 -0.00580302 0
9.41 -0.00397367 0.00041602 -0.0057454 0
9.42 -0.00393415 0.000411889 -0.00568836 0
9.43 -0.00389501 0.0004078 -0.00563187 0
9.44 -0.00385627 0.000403752 -0.00557595 0
9.45 -0.00381791 0.000399743 -0.00552058 0
9.46 -0.00377993 0.000395774 -0.00546576 0
9.47 -0.00374233 0.000391844 -0.00541148 0
9.48 -0.00370511 0.000387954 -0.00535774 0
9.49 -0.00366825 0.000384102 -0.00530453 0
9.5 -0.00363176 0.000380288 -0.00525185 0
9.51 -0.00359563 0.000376511 -0.00519969 0
9.52 -0.00355986 0.000372773 -0.00514805 0
9.53 -0.00352445 0.000369071 -0.00509692 0
9.54 -0.00348939 0.000365406 -0.0050463 0
9.55 -0.00345468 0.000361777 -0.00499618 0
9.56 -0.00342032 0.000358184 -0.00494655 0
9.57 -0.00338629 0.000354627 -0.00489742 0
9.58 -0.0033526 0.000351105 -0.00484877 0
9.59 -0.00331925 0.000347618 -0.00480061 0
9.6 -0.00328623 0.000344166 -0.00475293 0
9.61 -0.00325354 0.000340747 -0.00470571 0
9.62 -0.00322118 0.000337363 -0.00465897 0
9.63 -0.00318913 0.000334012 -0.00461269 0
9.64 -0.00315741 0.000330694 -0.00456686 0
9.65 -0.00312599 0.00032741 -0.0045215 0
9.66 -0.0030949 0.000324158 -0.00447658 0
9.67 -0.00306411 0.000320938 -0.0044321 0
9.68 -0.00303363 0.00031775 -0.00438807 0
9.69 -0.00300345 0.000314593 -0.00434448 0
9.7 -0.00297357 0.000311468 -0.00430131 0
9.71 -0.00294398 0.000308374 -0.00425858 0
9.72 -0.0029147 0.00030531 -0.00421627 0
9.73 -0.0028857 0.000302277 -0.00417438 0
9.74 -0.00285699 0.000299274 -0.0041329 0
9.75 -0.00282857 0.000296301 -0.00409184 0
9.76 -0.00280043 0.000293357 -0.00405118 0
9.77 -0.00277257 0.000290443 -0.00401093 0
9.78 -0.00274498 0.000287557 -0.00397107 0
9.79 -0.00271767 0.0002847 -0.00393161 0
9.8 -0.00269064 0.000281872 -0.00389254 0
9.81 -0.00266387 0.000279071 -0.00385386 0
9.82 -0.00263736 0.000276298 -0.00381557 0
9.83 -0.00261113 0.000273553 -0.00377765 0
9.84 -0.00258515 0.000270835 -0.00374011 0
9.85 -0.00255943 0.000268144 -0.00370294 0
9.86 -0.00253396 0.000265479 -0.00366615 0
9.87 -0.00250875 0.000262841 -0.00362971 0
9.88 -0.00248379 0.000260229 -0.00359364 0
9.89 -0.00245908 0.000257643 -0.00355793 0
9.9 -0.00243462 0.000255083 -0.00352257 0
9.91 -0.00241039 0.000252548 -0.00348756 0
9.92 -0.00238641 0.000250039 -0.0034529 0
9.93 -0.00236267 0.000247554 -0.00341858 0
9.94 -0.00233916 0.000245094 -0.0033846 0
9.95 -0.00231589 0.000242658 -0.00335096 0
9.96 -0.00229285 0.000240246 -0.00331766 0
9.97 -0.00227004 0.000237859 -0.00328468 0
9.98 -0.00224745 0.000235495 -0.00325203 0
9.99 -0.00222509 0.000233154 -0.00321971 0
10 -0.00220295 0.000230837 -0.00318771 0
